M33001  1793   728   362   166   669   512   348   387                            
M33001  1800   220   999                                                          
T46001  1793   485   474   274   427   320   750   327                            
T46001  1800   362   999                                                          
M10001  1780   128    88    66   111   187   193   192   428   142   112          
M10001  1790    61   304   340   110   667   596   246   258   156   196          
M10001  1800     0   999                                                          
C18001  1782   221   317   437   239   515   417   196   127                      
C18001  1790   211   234   267   143   230   266   379   236   273   233          
C18001  1800     0   999                                                          
M21001  1784   436    34    82    88   197   223                                  
M21001  1790   309   205   141    71    74   188   121   197   188   234          
M21001  1800     0   999                                                          
C76001  1789   289                                                                
C76001  1790    60   228   427   145   428   275   120   159   149   422          
C76001  1800     0   999                                                          
C57001  1787   251    73    95                                                    
C57001  1790    92   195   201   177   578   294   328   383   194   147          
C57001  1800     0   999                                                          
C24001  1783   164   104    78   129   156   565   123                            
C24001  1790   115   242   415   121   264   196   104   128   196   195          
C24001  1800     0   999                                                          
C77001  1789   172                                                                
C77001  1790   308   235    89   356   151   118   223   365   183   315          
C77001  1800     0   999                                                          
CM26001 1786   661   104   132    62                                              
CM26001 1790    99   241   458   200   325    77   105   161   236   176          
CM26001 1800     0   999                                                          
T31001  1789   276                                                                
T31001  1790   262   202   188   820   176   312   692   745   423   376          
T31001  1800     0   999                                                          
T40001  1790   131   297   208   668   233   230   877   222   846   968          
T40001  1800     0   999                                                          
C29001  1790   304   145   275   354   422   309   218   355   219   365          
C29001  1800     0   999                                                          
M40001  1786   229    51   109    93                                              
M40001  1790   123   117    95   179   182   190   427   318   332   261          
M40001  1800     0   999                                                          
C55001  1790   147   110   270   331   487   265   260   302   665   623          
C55001  1800     0   999                                                          
C17001  1781   133    63   147   162   115   215   290   147   364                
C17001  1790   195   357   560   201   251   124   200   102    75   104          
C17001  1800     0   999                                                          
T15001  1788   197   179                                                          
T15001  1790   189   380   341   558   565   175   244   223   318   373          
T15001  1800     0   999                                                          
M26001  1781    76    52    72   108    48    96    72    88   104                
M26001  1790   109   157   166   184   145   107   345   360   176   319          
M26001  1800     0   999                                                          
T50001  1792   124   135   129   107   392   518   335   330                      
T50001  1800     0   999                                                          
M39001  1787   114    87   112                                                    
M39001  1790    66    59   159   128   155   197   211   228   414   219          
M39001  1800     0   999                                                          
C23001  1791   140    76   181   123   500   235   463   395   132                
C23001  1800     0   999                                                          
T41001  1793   248   265   172   392   439   293   247                            
T41001  1800     0   999                                                          
T45001  1792   189   107   185    68   392   472   380   583                      
T45001  1800     0   999                                                          
C36001  1785   168   648   272   264   214                                        
C36001  1790   140   750   172   114   126   240   194   170   179   206          
C36001  1800    -1   999                                                          
C67001  1789   160                                                                
C67001  1790   152    67    88   138   262   304   381   135   234   228          
C67001  1800     0   999                                                          
C58001  1788   200   161                                                          
C58001  1790   338   225   268   173   163   344   296   407   135   207          
C58001  1800     0   999                                                          
T48001  1791   260   283   442   399   128   136   819   556   132                
T48001  1800     0   999                                                          
C50001  1785   172   481   142   341   316                                        
C50001  1790   210   191   779   503   241   215   365   129   235   307          
C50001  1800     0   999                                                          
C39001  1788   145   120                                                          
C39001  1790   102   577   131   115   603   366   280   467   265   233          
C39001  1800     0   999                                                          
T36001  1792   120   104   312   509   516   155   436   287                      
T36001  1800     0   999                                                          
T19001  1786   106   152    78   106                                              
T19001  1790   215   289   310    21   182   269   309   291   200   349          
T19001  1800     0   999                                                          
T58001  1787   261   467   127                                                    
T58001  1790   142   301   216   346   138   266   271   104   161   161          
T58001  1800     0   999                                                          
M13001  1789   151                                                                
M13001  1790   156   229   118   119   116   110   161   119   230   151          
M13001  1800     0   999                                                          
M11001  1788    85    73                                                          
M11001  1790    90    68    57   140    83   672   196   144   224   222          
M11001  1800     0   999                                                          
M43001  1785   107    81    51   102   136                                        
M43001  1790   170    31   131   263   318   116    98   165   188   184          
M43001  1800     0   999                                                          
M29001  1789    97                                                                
M29001  1790   159   189    80   169   143   113   107   208   173   147          
M29001  1800     0   999                                                          
T13001  1789   117                                                                
T13001  1790   191   247   199   305   402   475   251   317   316   275          
T13001  1800     0   999                                                          
M24001  1788   112    83                                                          
M24001  1790   110   175   130   168   207   271   177   195   136    45          
M24001  1800     0   999                                                          
T25001  1790   264   230   254   134   818   192   992   598   363   274          
T25001  1800     0   999                                                          
C70001  1783   118   142   241   130   109   129   219                            
C70001  1790   260   128   141   244   181   277   357   286   195   144          
C70001  1800     0   999                                                          
T57001  1790   196   156   299   151   173   416   582   397   205   472          
T57001  1800     0   999                                                          
C51001  1791    81   159   148   209   322   365   210   290   240                
C51001  1800     0   999                                                          
T55001  1790   262    58   575   168   248   117   172   337   252   351          
T55001  1800     0   999                                                          
T28001  1788    60   101                                                          
T28001  1790   138   268   160   452   584   373   508   559   347   191          
T28001  1800     0   999                                                          
C69001  1791   126   138   180   124   732   301   151   239   244                
C69001  1800     0   999                                                          
C46001  1788   196    79                                                          
C46001  1790   240   136   172   265   227   220   340   200   136   208          
C46001  1800     0   999                                                          
T21001  1789    67                                                                
T21001  1790   154   377   258   179   405   256   477   208   176    87          
T21001  1800     0   999                                                          
T10001  1787   291   329   362                                                    
T10001  1790   284   196   339   224   205   171   205   495   503   200          
T10001  1800     0   999                                                          
T11001  1788   413    95                                                          
T11001  1790    79   325   657   549   644   330   154    85    71   107          
T11001  1800     0   999                                                          
C11001  1779    48                                                                
C11001  1780   120    73   246   149   160   201   183   317   174   150          
C11001  1790   269   272   147    96   282   241   352   236   236   141          
C11001  1800     0   999                                                          
C79001  1793   606   679   332   540   358   361   154                            
C79001  1800     0   999                                                          
C32001  1784   112   276   308   202   283   144                                  
C32001  1790   201   182   173   254   472   167   227   238   -15   260          
C32001  1800     0   999                                                          
C26001  1785    92    71   112   120   109                                        
C26001  1790   178    86    15   113    96   143    84   257   236   222          
C26001  1800     0   999                                                          
