APRET8  1783   144   111   188   414    89   198   263                            
APRET8  1790   233   129    33   290   143    96   113   358   128   253          
APRET8  1800     0   999                                                          
APRET2  1784   133   144   280   268   107   245                                  
APRET2  1790   172   214   208   286   208   272   636   430   623   416          
APRET2  1800   495   999                                                          
APRET3  1779   772                                                                
APRET3  1780   316   371   448   151   107   150   168   157    94   437          
APRET3  1790   344   533   355   681   355   360   526   160   134   390          
APRET3  1800     0   999                                                          
APRET7  1778   238   170                                                          
APRET7  1780   112   383   132   260   388   115   137   141   103   161          
APRET7  1790   522   353   245   532   206   370   603   255   453   208          
APRET7  1800     0   999                                                          
APRET6  1785   200   149   136   392    80                                        
APRET6  1790   124   471   509   527   231   178   191   348   258   476          
APRET6  1800     0   999                                                          
APRET5  1782   587   525     7   132   300   212   172   334                      
APRET5  1790   182   137   139   233   219   311    90   420   402   301          
APRET5  1800     0   999                                                          
APRET1  1784   270   474   227   190   314   289                                  
APRET1  1790   121   287   172   227   498   835   225   304   388   160          
APRET1  1800     0   999                                                          
APRET9  1780   133   172   107    59    47   281   628    88   188    80          
APRET9  1790   113   141   166    46    94   222   345   268   189   274          
APRET9  1800     0   999                                                          
PRET10  1780   412   190   119   144   147   437   133   623   205   262          
PRET10  1790   492   481   218   220   102   157   215   421   111   244          
PRET10  1800     0   999                                                          
